%YAML:1.0
---
board_width: 9
board_height: 7
square_size: 0.10000000000000001
camera_matrix: !!opencv-matrix
   rows: 3
   cols: 3
   dt: d
   data: [ 596.94410346664438, 0., 319.5521256946156, 0.,
       594.76864688933642, 212.70281205459841, 0., 0., 1. ]
extrinsic_parameters: !!opencv-matrix
   rows: 29
   cols: 6
   dt: d
   data: [ 0.15626005510391763, 0.71811381938732677, -2.3218156355584996,
       0.21990589355702866, -0.068428241653250468, 2.9038683550127753,
       -0.45431314562882752, 0.13068214676080814, -2.4416532942971005,
       0.61531371056917716, 0.20778638787315282, 3.2447963490429257,
       0.72392506279505997, -0.10307920269574064, -1.6780419959299735,
       -1.0073440799834066, -0.34806254749412857, 3.6447345616944098,
       0.76251978784477314, 0.044507764284147801, -1.2060018000251489,
       -1.2436552789139816, -0.53448457313279552, 3.2394042243580428,
       0.10666452892102721, 0.70886578132113109, -2.3142291147963663,
       0.44636352081246616, -0.19422619924859835, 2.3786980089633092,
       0.58563049589179372, -0.065552153673781477, -2.3748737835460734,
       -0.49071300727874845, -0.036439279665895032, 3.9323938883172946,
       -0.63128864857499667, 0.22391251213352004, -2.4381698858916083,
       0.38218939662451801, 0.20392724039209995, 2.3966895278822071,
       0.41756090708601246, -0.66493427318700338, -2.4073896157272991,
       -0.27452154889218244, 0.0038150727696421843, 2.7485231348838339,
       -0.26438869108191965, -0.37891190692921989, -2.3799907638253011,
       0.20794252622140369, 0.0063654439544221534, 3.0885909625664594,
       0.29259617143902283, 0.0427950085554153, -2.3953714869457658,
       -0.27959323646059553, -0.0092794409497893963, 3.5681023284322304,
       -0.46562529453767942, 0.13004859052140255, -2.4578753307714227,
       0.64222409777300637, 0.21613464969953938, 3.3499377947985289,
       -0.29944268404039398, 0.20599772981681114, -2.4276166835454536,
       0.7102773461819103, 0.15358543935135743, 3.7216590221742045,
       0.047543751876143306, -0.034230386688094264, -2.4661642211122703,
       -0.3083074620031111, 0.20893187715545611, 3.6620190867637383,
       -0.0062418152175108387, 0.019395520026152302, -2.4973007185994414,
       0.78996871735409613, -0.016216244368525166, 4.1839580642442673,
       0.039910289994762017, 0.072314501886279164, -2.4256579452915457,
       0.26573788867709536, 0.060786598441559793, 3.5030947655005868,
       -0.46562529453767904, 0.13004859052140391, -2.4578753307714232,
       0.64222409777300671, 0.21613464969953933, 3.3499377947985303,
       -0.26785648507965026, -0.6518888777145837, -2.3079604412742607,
       0.18595706989428801, -0.027748290177713485, 2.2768169779060421,
       -0.46265196413043796, -0.15127279789344611, -2.3380580569739267,
       0.43780565740312943, -0.028242588798528985, 2.0245598639991176,
       0.12928557088486342, 0.6854521297466043, -2.3264220204447037,
       0.21167908523378284, -0.066514085724323713, 2.8897143532565575,
       -0.26785648507965015, -0.6518888777145837, -2.3079604412742611,
       0.18595706989428815, -0.027748290177713526, 2.2768169779060421,
       0.93221005868924134, -0.28867376669421169, -2.2926699559250183,
       -0.61143083405499354, -0.078398736456078033, 3.5408504800528573,
       0.76251978784477181, 0.044507764284150007, -1.2060018000251487,
       -1.2436552789139816, -0.53448457313279585, 3.2394042243580428,
       0.37398097648873491, -0.14118736290013156, -2.3890541613545646,
       0.052904024828106549, 0.18263892138435806, 2.4816946350202409,
       -0.0062418152175106418, 0.019395520026157086, -2.4973007185994414,
       0.78996871735409613, -0.016216244368525159, 4.18395806424427,
       0.4482229129969319, -0.10852607093097449, -2.3999734375996846,
       0.1562725357150824, 0.19620681966837916, 2.5184104380559709,
       0.93221005868924001, -0.28867376669421363, -2.2926699559250192,
       -0.61143083405499299, -0.078398736456077964, 3.5408504800528569,
       -0.0055692566622544838, -0.027127462731246985, -2.485756589653576,
       0.78490176795937583, -0.016872437808140395, 4.1685067664835751,
       -0.11586391513815801, 0.070491360945860101, -2.4859302414682545,
       0.23774685689031627, 0.18704098685204909, 2.5803220845772628,
       -0.15709700985550726, -0.0059934395262272889, -2.3892935718988015,
       0.06697473147583495, 0.00756523011262299, 3.6725612250093262 ]
rms_error: 0.31467638029016098
distortion_coefficients: !!opencv-matrix
   rows: 1
   cols: 5
   dt: d
   data: [ 0.29862370484425127, -1.2847931394513836,
       -0.0046968930036322366, -0.011413889578339921, 1.9766268591842828 ]
